1 1 2 3 18 19 38
1 1 2 4 18 19 69
1 1 2 5 18 19 84
1 1 2 6 18 19 129
1 1 2 7 18 19 145
1 1 2 8 18 19 148
1 1 3 2 18 38 19
1 1 3 4 18 38 69
1 1 3 5 18 38 85
1 1 3 6 18 38 129
1 1 3 7 18 38 140
1 1 3 8 18 38 148
1 1 4 2 18 69 19
1 1 4 3 18 69 38
1 1 4 5 18 69 85
1 1 4 6 18 69 129
1 1 4 7 18 69 140
1 1 4 8 18 69 148
1 1 5 2 18 84 19
1 1 5 3 18 84 38
1 1 5 4 18 84 59
1 1 5 6 18 84 100
1 1 5 7 18 84 146
1 1 5 8 18 84 148
1 1 6 2 18 129 19
1 1 6 3 18 129 38
1 1 6 4 18 129 69
1 1 6 5 18 129 84
1 1 6 7 18 129 135
1 1 6 8 18 129 148
1 1 7 2 18 141 19
1 1 7 3 18 141 38
1 1 7 4 18 141 70
1 1 7 5 18 141 84
1 1 7 6 18 141 100
1 1 7 8 18 141 148
1 1 8 2 18 148 19
1 1 8 3 18 148 38
1 1 8 4 18 148 69
1 1 8 5 18 148 84
1 1 8 6 18 148 100
1 1 8 7 18 148 141
1 2 1 3 18 19 38
1 2 1 4 18 19 69
1 2 1 5 18 19 84
1 2 1 6 18 19 129
1 2 1 7 18 19 135
1 2 1 8 18 19 148
1 2 3 1 19 38 18
1 2 3 4 19 38 69
1 2 3 5 19 38 85
1 2 3 6 19 38 129
1 2 3 7 19 38 140
1 2 3 8 19 38 148
1 2 4 1 19 69 18
1 2 4 3 19 69 38
1 2 4 5 19 69 85
1 2 4 6 19 69 129
1 2 4 7 19 69 140
1 2 4 8 19 69 148
1 2 5 1 19 84 18
1 2 5 3 19 84 38
1 2 5 4 19 84 59
1 2 5 6 19 84 100
1 2 5 7 19 84 146
1 2 5 8 19 84 148
1 2 6 1 19 129 18
1 2 6 3 19 129 38
1 2 6 4 19 129 69
1 2 6 5 19 129 84
1 2 6 7 19 129 135
1 2 6 8 19 129 148
1 2 7 1 19 145 18
1 2 7 3 19 145 38
1 2 7 4 19 145 69
1 2 7 5 19 145 84
1 2 7 6 19 145 129
1 2 7 8 19 145 148
1 2 8 1 19 148 18
1 2 8 3 19 148 38
1 2 8 4 19 148 69
1 2 8 5 19 148 84
1 2 8 6 19 148 100
1 2 8 7 19 148 141
1 3 1 2 18 38 19
1 3 1 4 18 38 69
1 3 1 5 18 38 84
1 3 1 6 18 38 129
1 3 1 7 18 38 135
1 3 1 8 18 38 148
1 3 2 1 19 38 18
1 3 2 4 19 38 69
1 3 2 5 19 38 84
1 3 2 6 19 38 129
1 3 2 7 19 38 145
1 3 2 8 19 38 148
1 3 4 1 38 69 18
1 3 4 2 38 69 19
1 3 4 5 38 69 85
1 3 4 6 38 69 129
1 3 4 7 38 69 140
1 3 4 8 38 69 148
1 3 5 1 38 85 18
1 3 5 2 38 85 19
1 3 5 4 38 85 59
1 3 5 6 38 85 100
1 3 5 7 38 85 143
1 3 5 8 38 85 148
1 3 6 1 38 129 18
1 3 6 2 38 129 19
1 3 6 4 38 129 69
1 3 6 5 38 129 84
1 3 6 7 38 129 135
1 3 6 8 38 129 148
1 3 7 1 38 140 18
1 3 7 2 38 140 19
1 3 7 4 38 140 69
1 3 7 5 38 140 85
1 3 7 6 38 140 129
1 3 7 8 38 140 148
1 3 8 1 38 148 18
1 3 8 2 38 148 19
1 3 8 4 38 148 69
1 3 8 5 38 148 84
1 3 8 6 38 148 100
1 3 8 7 38 148 141
1 4 1 2 18 69 19
1 4 1 3 18 69 38
1 4 1 5 18 69 84
1 4 1 6 18 69 129
1 4 1 7 18 69 135
1 4 1 8 18 69 148
1 4 2 1 19 69 18
1 4 2 3 19 69 38
1 4 2 5 19 69 84
1 4 2 6 19 69 129
1 4 2 7 19 69 145
1 4 2 8 19 69 148
1 4 3 1 38 69 18
1 4 3 2 38 69 19
1 4 3 5 38 69 85
1 4 3 6 38 69 129
1 4 3 7 38 69 140
1 4 3 8 38 69 148
1 4 5 1 59 85 18
1 4 5 2 59 85 19
1 4 5 3 59 85 38
1 4 5 6 59 85 100
1 4 5 7 59 85 143
1 4 5 8 59 85 148
1 4 6 1 69 129 18
1 4 6 2 69 129 19
1 4 6 3 69 129 38
1 4 6 5 69 129 84
1 4 6 7 69 129 135
1 4 6 8 69 129 148
1 4 7 1 70 146 18
1 4 7 2 70 146 19
1 4 7 3 70 146 38
1 4 7 5 70 146 84
1 4 7 6 70 146 100
1 4 7 8 70 146 148
1 4 8 1 69 148 18
1 4 8 2 69 148 19
1 4 8 3 69 148 38
1 4 8 5 69 148 84
1 4 8 6 69 148 100
1 4 8 7 69 148 141
1 5 1 2 18 84 19
1 5 1 3 18 84 38
1 5 1 4 18 84 69
1 5 1 6 18 84 129
1 5 1 7 18 84 135
1 5 1 8 18 84 148
1 5 2 1 19 84 18
1 5 2 3 19 84 38
1 5 2 4 19 84 69
1 5 2 6 19 84 129
1 5 2 7 19 84 145
1 5 2 8 19 84 148
1 5 3 1 38 85 18
1 5 3 2 38 85 19
1 5 3 4 38 85 69
1 5 3 6 38 85 129
1 5 3 7 38 85 140
1 5 3 8 38 85 148
1 5 4 1 59 85 18
1 5 4 2 59 85 19
1 5 4 3 59 85 38
1 5 4 6 59 85 100
1 5 4 7 59 85 143
1 5 4 8 59 85 148
1 5 6 1 84 100 18
1 5 6 2 84 100 19
1 5 6 3 84 100 38
1 5 6 4 84 100 70
1 5 6 7 84 100 136
1 5 6 8 84 100 148
1 5 7 1 85 143 18
1 5 7 2 85 143 19
1 5 7 3 85 143 38
1 5 7 4 85 143 69
1 5 7 6 85 143 129
1 5 7 8 85 143 148
1 5 8 1 84 148 18
1 5 8 2 84 148 19
1 5 8 3 84 148 38
1 5 8 4 84 148 69
1 5 8 6 84 148 100
1 5 8 7 84 148 141
1 6 1 2 18 129 19
1 6 1 3 18 129 38
1 6 1 4 18 129 69
1 6 1 5 18 129 84
1 6 1 7 18 129 135
1 6 1 8 18 129 148
1 6 2 1 19 129 18
1 6 2 3 19 129 38
1 6 2 4 19 129 69
1 6 2 5 19 129 84
1 6 2 7 19 129 145
1 6 2 8 19 129 148
1 6 3 1 38 129 18
1 6 3 2 38 129 19
1 6 3 4 38 129 69
1 6 3 5 38 129 85
1 6 3 7 38 129 140
1 6 3 8 38 129 148
1 6 4 1 69 129 18
1 6 4 2 69 129 19
1 6 4 3 69 129 38
1 6 4 5 69 129 85
1 6 4 7 69 129 140
1 6 4 8 69 129 148
1 6 5 1 84 100 18
1 6 5 2 84 100 19
1 6 5 3 84 100 38
1 6 5 4 84 100 59
1 6 5 7 84 100 146
1 6 5 8 84 100 148
1 6 7 1 129 135 18
1 6 7 2 129 135 19
1 6 7 3 129 135 38
1 6 7 4 129 135 69
1 6 7 5 129 135 84
1 6 7 8 129 135 148
1 6 8 1 100 148 18
1 6 8 2 100 148 19
1 6 8 3 100 148 38
1 6 8 4 100 148 69
1 6 8 5 100 148 84
1 6 8 7 100 148 141
1 7 1 2 18 141 19
1 7 1 3 18 141 38
1 7 1 4 18 141 69
1 7 1 5 18 141 84
1 7 1 6 18 141 129
1 7 1 8 18 141 148
1 7 2 1 19 145 18
1 7 2 3 19 145 38
1 7 2 4 19 145 69
1 7 2 5 19 145 84
1 7 2 6 19 145 129
1 7 2 8 19 145 148
1 7 3 1 38 140 18
1 7 3 2 38 140 19
1 7 3 4 38 140 69
1 7 3 5 38 140 85
1 7 3 6 38 140 129
1 7 3 8 38 140 148
1 7 4 1 70 146 18
1 7 4 2 70 146 19
1 7 4 3 70 146 38
1 7 4 5 70 146 84
1 7 4 6 70 146 100
1 7 4 8 70 146 148
1 7 5 1 85 143 18
1 7 5 2 85 143 19
1 7 5 3 85 143 38
1 7 5 4 85 143 59
1 7 5 6 85 143 100
1 7 5 8 85 143 148
1 7 6 1 129 135 18
1 7 6 2 129 135 19
1 7 6 3 129 135 38
1 7 6 4 129 135 69
1 7 6 5 129 135 84
1 7 6 8 129 135 148
1 7 8 1 141 148 18
1 7 8 2 141 148 19
1 7 8 3 141 148 38
1 7 8 4 141 148 69
1 7 8 5 141 148 84
1 7 8 6 141 148 100
1 8 1 2 18 148 19
1 8 1 3 18 148 38
1 8 1 4 18 148 69
1 8 1 5 18 148 84
1 8 1 6 18 148 129
1 8 1 7 18 148 135
1 8 2 1 19 148 18
1 8 2 3 19 148 38
1 8 2 4 19 148 69
1 8 2 5 19 148 84
1 8 2 6 19 148 129
1 8 2 7 19 148 145
1 8 3 1 38 148 18
1 8 3 2 38 148 19
1 8 3 4 38 148 69
1 8 3 5 38 148 85
1 8 3 6 38 148 129
1 8 3 7 38 148 140
1 8 4 1 69 148 18
1 8 4 2 69 148 19
1 8 4 3 69 148 38
1 8 4 5 69 148 85
1 8 4 6 69 148 129
1 8 4 7 69 148 140
1 8 5 1 84 148 18
1 8 5 2 84 148 19
1 8 5 3 84 148 38
1 8 5 4 84 148 59
1 8 5 6 84 148 100
1 8 5 7 84 148 146
1 8 6 1 100 148 18
1 8 6 2 100 148 19
1 8 6 3 100 148 38
1 8 6 4 100 148 70
1 8 6 5 100 148 84
1 8 6 7 100 148 136
1 8 7 1 141 148 18
1 8 7 2 141 148 19
1 8 7 3 141 148 38
1 8 7 4 141 148 70
1 8 7 5 141 148 84
1 8 7 6 141 148 100
