4 1 2 3 17 24 43
4 1 2 4 17 24 68
4 1 2 5 17 24 80
4 1 2 6 17 24 102
4 1 2 7 17 24 138
4 1 2 8 17 24 162
4 1 3 2 17 43 24
4 1 3 4 17 43 68
4 1 3 5 17 43 89
4 1 3 6 17 43 102
4 1 3 7 17 43 138
4 1 3 8 17 43 162
4 1 4 2 5 67 28
4 1 4 3 5 67 44
4 1 4 5 5 67 78
4 1 4 6 5 67 122
4 1 4 7 5 67 138
4 1 4 8 5 67 164
4 1 5 2 17 93 24
4 1 5 3 17 93 43
4 1 5 4 17 93 51
4 1 5 6 17 93 121
4 1 5 7 17 93 138
4 1 5 8 17 93 161
4 1 6 2 17 121 24
4 1 6 3 17 121 43
4 1 6 4 17 121 51
4 1 6 5 17 121 93
4 1 6 7 17 121 138
4 1 6 8 17 121 157
4 1 7 2 2 138 24
4 1 7 3 2 138 45
4 1 7 4 2 138 47
4 1 7 5 2 138 89
4 1 7 6 2 138 116
4 1 7 8 2 138 154
4 1 8 2 17 156 27
4 1 8 3 17 156 40
4 1 8 4 17 156 64
4 1 8 5 17 156 81
4 1 8 6 17 156 99
4 1 8 7 17 156 138
4 2 1 3 17 24 43
4 2 1 4 17 24 51
4 2 1 5 17 24 93
4 2 1 6 17 24 121
4 2 1 7 17 24 138
4 2 1 8 17 24 161
4 2 3 1 25 40 17
4 2 3 4 25 40 63
4 2 3 5 25 40 74
4 2 3 6 25 40 117
4 2 3 7 25 40 138
4 2 3 8 25 40 156
4 2 4 1 25 64 17
4 2 4 3 25 64 40
4 2 4 5 25 64 87
4 2 4 6 25 64 126
4 2 4 7 25 64 138
4 2 4 8 25 64 156
4 2 5 1 28 78 2
4 2 5 3 28 78 44
4 2 5 4 28 78 67
4 2 5 6 28 78 101
4 2 5 7 28 78 138
4 2 5 8 28 78 167
4 2 6 1 27 105 17
4 2 6 3 27 105 43
4 2 6 4 27 105 49
4 2 6 5 27 105 89
4 2 6 7 27 105 138
4 2 6 8 27 105 162
4 2 7 1 24 138 5
4 2 7 3 24 138 45
4 2 7 4 24 138 47
4 2 7 5 24 138 89
4 2 7 6 24 138 116
4 2 7 8 24 138 154
4 2 8 1 28 167 2
4 2 8 3 28 167 44
4 2 8 4 28 167 67
4 2 8 5 28 167 78
4 2 8 6 28 167 101
4 2 8 7 28 167 138
4 3 1 2 17 43 24
4 3 1 4 17 43 51
4 3 1 5 17 43 93
4 3 1 6 17 43 121
4 3 1 7 17 43 138
4 3 1 8 17 43 161
4 3 2 1 25 40 17
4 3 2 4 25 40 64
4 3 2 5 25 40 87
4 3 2 6 25 40 126
4 3 2 7 25 40 138
4 3 2 8 25 40 156
4 3 4 1 45 47 17
4 3 4 2 45 47 27
4 3 4 5 45 47 89
4 3 4 6 45 47 128
4 3 4 7 45 47 138
4 3 4 8 45 47 158
4 3 5 1 39 96 5
4 3 5 2 39 96 28
4 3 5 4 39 96 67
4 3 5 6 39 96 101
4 3 5 7 39 96 138
4 3 5 8 39 96 163
4 3 6 1 45 118 17
4 3 6 2 45 118 27
4 3 6 4 45 118 46
4 3 6 5 45 118 89
4 3 6 7 45 118 138
4 3 6 8 45 118 152
4 3 7 1 45 138 5
4 3 7 2 45 138 24
4 3 7 4 45 138 47
4 3 7 5 45 138 89
4 3 7 6 45 138 116
4 3 7 8 45 138 154
4 3 8 1 45 158 17
4 3 8 2 45 158 24
4 3 8 4 45 158 47
4 3 8 5 45 158 89
4 3 8 6 45 158 128
4 3 8 7 45 158 138
4 4 1 2 5 67 28
4 4 1 3 5 67 39
4 4 1 5 5 67 96
4 4 1 6 5 67 122
4 4 1 7 5 67 138
4 4 1 8 5 67 164
4 4 2 1 25 64 17
4 4 2 3 25 64 40
4 4 2 5 25 64 87
4 4 2 6 25 64 126
4 4 2 7 25 64 138
4 4 2 8 25 64 156
4 4 3 1 45 47 17
4 4 3 2 45 47 27
4 4 3 5 45 47 89
4 4 3 6 45 47 118
4 4 3 7 45 47 138
4 4 3 8 45 47 152
4 4 5 1 51 89 17
4 4 5 2 51 89 24
4 4 5 3 51 89 43
4 4 5 6 51 89 102
4 4 5 7 51 89 138
4 4 5 8 51 89 162
4 4 6 1 65 120 17
4 4 6 2 65 120 27
4 4 6 3 65 120 45
4 4 6 5 65 120 89
4 4 6 7 65 120 138
4 4 6 8 65 120 153
4 4 7 1 47 138 5
4 4 7 2 47 138 24
4 4 7 3 47 138 45
4 4 7 5 47 138 89
4 4 7 6 47 138 116
4 4 7 8 47 138 154
4 4 8 1 53 153 17
4 4 8 2 53 153 27
4 4 8 3 53 153 45
4 4 8 5 53 153 81
4 4 8 6 53 153 127
4 4 8 7 53 153 138
4 5 1 2 17 93 24
4 5 1 3 17 93 43
4 5 1 4 17 93 51
4 5 1 6 17 93 121
4 5 1 7 17 93 138
4 5 1 8 17 93 161
4 5 2 1 28 78 2
4 5 2 3 28 78 44
4 5 2 4 28 78 67
4 5 2 6 28 78 101
4 5 2 7 28 78 138
4 5 2 8 28 78 167
4 5 3 1 39 96 5
4 5 3 2 39 96 28
4 5 3 4 39 96 67
4 5 3 6 39 96 101
4 5 3 7 39 96 138
4 5 3 8 39 96 163
4 5 4 1 51 89 17
4 5 4 2 51 89 24
4 5 4 3 51 89 43
4 5 4 6 51 89 121
4 5 4 7 51 89 138
4 5 4 8 51 89 161
4 5 6 1 82 101 2
4 5 6 2 82 101 21
4 5 6 3 82 101 44
4 5 6 4 82 101 67
4 5 6 7 82 101 138
4 5 6 8 82 101 167
4 5 7 1 89 138 5
4 5 7 2 89 138 24
4 5 7 3 89 138 45
4 5 7 4 89 138 47
4 5 7 6 89 138 116
4 5 7 8 89 138 154
4 5 8 1 89 162 17
4 5 8 2 89 162 24
4 5 8 3 89 162 43
4 5 8 4 89 162 68
4 5 8 6 89 162 105
4 5 8 7 89 162 138
4 6 1 2 17 121 24
4 6 1 3 17 121 43
4 6 1 4 17 121 51
4 6 1 5 17 121 93
4 6 1 7 17 121 138
4 6 1 8 17 121 161
4 6 2 1 27 105 17
4 6 2 3 27 105 43
4 6 2 4 27 105 65
4 6 2 5 27 105 81
4 6 2 7 27 105 138
4 6 2 8 27 105 156
4 6 3 1 45 118 17
4 6 3 2 45 118 27
4 6 3 4 45 118 46
4 6 3 5 45 118 89
4 6 3 7 45 118 138
4 6 3 8 45 118 152
4 6 4 1 65 120 17
4 6 4 2 65 120 27
4 6 4 3 65 120 43
4 6 4 5 65 120 89
4 6 4 7 65 120 138
4 6 4 8 65 120 153
4 6 5 1 82 101 2
4 6 5 2 82 101 21
4 6 5 3 82 101 44
4 6 5 4 82 101 67
4 6 5 7 82 101 138
4 6 5 8 82 101 167
4 6 7 1 116 138 5
4 6 7 2 116 138 24
4 6 7 3 116 138 45
4 6 7 4 116 138 47
4 6 7 5 116 138 89
4 6 7 8 116 138 154
4 6 8 1 109 157 17
4 6 8 2 109 157 24
4 6 8 3 109 157 43
4 6 8 4 109 157 51
4 6 8 5 109 157 91
4 6 8 7 109 157 138
4 7 1 2 2 138 28
4 7 1 3 2 138 44
4 7 1 4 2 138 67
4 7 1 5 2 138 78
4 7 1 6 2 138 108
4 7 1 8 2 138 167
4 7 2 1 24 138 17
4 7 2 3 24 138 43
4 7 2 4 24 138 68
4 7 2 5 24 138 80
4 7 2 6 24 138 102
4 7 2 8 24 138 162
4 7 3 1 45 138 17
4 7 3 2 45 138 27
4 7 3 4 45 138 46
4 7 3 5 45 138 89
4 7 3 6 45 138 118
4 7 3 8 45 138 152
4 7 4 1 47 138 17
4 7 4 2 47 138 27
4 7 4 3 47 138 45
4 7 4 5 47 138 89
4 7 4 6 47 138 128
4 7 4 8 47 138 158
4 7 5 1 89 138 17
4 7 5 2 89 138 24
4 7 5 3 89 138 43
4 7 5 4 89 138 68
4 7 5 6 89 138 102
4 7 5 8 89 138 162
4 7 6 1 116 138 17
4 7 6 2 116 138 27
4 7 6 3 116 138 45
4 7 6 4 116 138 52
4 7 6 5 116 138 89
4 7 6 8 116 138 160
4 7 8 1 138 154 5
4 7 8 2 138 154 28
4 7 8 3 138 154 39
4 7 8 4 138 154 67
4 7 8 5 138 154 89
4 7 8 6 138 154 108
4 8 1 2 17 156 24
4 8 1 3 17 156 43
4 8 1 4 17 156 51
4 8 1 5 17 156 93
4 8 1 6 17 156 121
4 8 1 7 17 156 138
4 8 2 1 28 167 2
4 8 2 3 28 167 44
4 8 2 4 28 167 67
4 8 2 5 28 167 78
4 8 2 6 28 167 101
4 8 2 7 28 167 138
4 8 3 1 45 158 17
4 8 3 2 45 158 27
4 8 3 4 45 158 46
4 8 3 5 45 158 89
4 8 3 6 45 158 118
4 8 3 7 45 158 138
4 8 4 1 53 153 17
4 8 4 2 53 153 27
4 8 4 3 53 153 45
4 8 4 5 53 153 81
4 8 4 6 53 153 127
4 8 4 7 53 153 138
4 8 5 1 89 162 17
4 8 5 2 89 162 24
4 8 5 3 89 162 43
4 8 5 4 89 162 68
4 8 5 6 89 162 102
4 8 5 7 89 162 138
4 8 6 1 109 157 17
4 8 6 2 109 157 24
4 8 6 3 109 157 40
4 8 6 4 109 157 68
4 8 6 5 109 157 91
4 8 6 7 109 157 138
4 8 7 1 138 154 5
4 8 7 2 138 154 24
4 8 7 3 138 154 45
4 8 7 4 138 154 47
4 8 7 5 138 154 89
4 8 7 6 138 154 116
