3 1 2 3 7 22 31
3 1 2 4 7 22 62
3 1 2 5 7 22 95
3 1 2 6 7 22 104
3 1 2 8 7 22 151
3 1 3 2 16 31 20
3 1 3 4 16 31 61
3 1 3 5 16 31 90
3 1 3 6 16 31 103
3 1 3 8 16 31 149
3 1 4 2 4 57 26
3 1 4 3 4 57 31
3 1 4 5 4 57 90
3 1 4 6 4 57 104
3 1 4 8 4 57 149
3 1 5 2 4 90 26
3 1 5 3 4 90 31
3 1 5 4 4 90 62
3 1 5 6 4 90 132
3 1 5 8 4 90 147
3 1 6 2 6 111 29
3 1 6 3 6 111 36
3 1 6 4 6 111 55
3 1 6 5 6 111 86
3 1 6 8 6 111 149
3 1 8 2 11 149 26
3 1 8 3 11 149 31
3 1 8 4 11 149 62
3 1 8 5 11 149 72
3 1 8 6 11 149 113
3 2 1 3 7 22 31
3 2 1 4 7 22 62
3 2 1 5 7 22 95
3 2 1 6 7 22 104
3 2 1 8 7 22 151
3 2 3 1 20 37 6
3 2 3 4 20 37 58
3 2 3 5 20 37 86
3 2 3 6 20 37 131
3 2 3 8 20 37 149
3 2 4 1 29 54 6
3 2 4 3 29 54 37
3 2 4 5 29 54 86
3 2 4 6 29 54 119
3 2 4 8 29 54 149
3 2 5 1 26 94 4
3 2 5 3 26 94 31
3 2 5 4 26 94 62
3 2 5 6 26 94 132
3 2 5 8 26 94 150
3 2 6 1 20 131 16
3 2 6 3 20 131 36
3 2 6 4 20 131 56
3 2 6 5 20 131 86
3 2 6 8 20 131 149
3 2 8 1 26 150 4
3 2 8 3 26 150 31
3 2 8 4 26 150 62
3 2 8 5 26 150 95
3 2 8 6 26 150 104
3 3 1 2 16 31 20
3 3 1 4 16 31 61
3 3 1 5 16 31 86
3 3 1 6 16 31 119
3 3 1 8 16 31 149
3 3 2 1 20 37 16
3 3 2 4 20 37 56
3 3 2 5 20 37 86
3 3 2 6 20 37 131
3 3 2 8 20 37 149
3 3 4 1 32 56 16
3 3 4 2 32 56 20
3 3 4 5 32 56 86
3 3 4 6 32 56 131
3 3 4 8 32 56 149
3 3 5 1 31 72 11
3 3 5 2 31 72 26
3 3 5 4 31 72 62
3 3 5 6 31 72 113
3 3 5 8 31 72 149
3 3 6 1 36 131 16
3 3 6 2 36 131 20
3 3 6 4 36 131 56
3 3 6 5 36 131 86
3 3 6 8 36 131 149
3 3 8 1 31 147 11
3 3 8 2 31 147 26
3 3 8 4 31 147 62
3 3 8 5 31 147 95
3 3 8 6 31 147 104
3 4 1 2 4 57 26
3 4 1 3 4 57 31
3 4 1 5 4 57 90
3 4 1 6 4 57 104
3 4 1 8 4 57 147
3 4 2 1 29 54 6
3 4 2 3 29 54 37
3 4 2 5 29 54 86
3 4 2 6 29 54 131
3 4 2 8 29 54 149
3 4 3 1 32 56 16
3 4 3 2 32 56 20
3 4 3 5 32 56 86
3 4 3 6 32 56 131
3 4 3 8 32 56 149
3 4 5 1 61 90 4
3 4 5 2 61 90 26
3 4 5 3 61 90 31
3 4 5 6 61 90 132
3 4 5 8 61 90 147
3 4 6 1 56 131 16
3 4 6 2 56 131 20
3 4 6 3 56 131 36
3 4 6 5 56 131 86
3 4 6 8 56 131 149
3 4 8 1 62 150 4
3 4 8 2 62 150 26
3 4 8 3 62 150 31
3 4 8 5 62 150 95
3 4 8 6 62 150 104
3 5 1 2 4 90 26
3 5 1 3 4 90 31
3 5 1 4 4 90 62
3 5 1 6 4 90 104
3 5 1 8 4 90 147
3 5 2 1 26 94 14
3 5 2 3 26 94 31
3 5 2 4 26 94 62
3 5 2 6 26 94 104
3 5 2 8 26 94 151
3 5 3 1 31 72 16
3 5 3 2 31 72 20
3 5 3 4 31 72 61
3 5 3 6 31 72 103
3 5 3 8 31 72 149
3 5 4 1 61 90 4
3 5 4 2 61 90 20
3 5 4 3 61 90 31
3 5 4 6 61 90 132
3 5 4 8 61 90 149
3 5 6 1 72 113 11
3 5 6 2 72 113 26
3 5 6 3 72 113 31
3 5 6 4 72 113 62
3 5 6 8 72 113 149
3 5 8 1 72 149 11
3 5 8 2 72 149 26
3 5 8 3 72 149 31
3 5 8 4 72 149 62
3 5 8 6 72 149 113
3 6 1 2 6 111 29
3 6 1 3 6 111 36
3 6 1 4 6 111 55
3 6 1 5 6 111 86
3 6 1 8 6 111 149
3 6 2 1 20 131 16
3 6 2 3 20 131 37
3 6 2 4 20 131 56
3 6 2 5 20 131 86
3 6 2 8 20 131 149
3 6 3 1 36 131 16
3 6 3 2 36 131 20
3 6 3 4 36 131 56
3 6 3 5 36 131 86
3 6 3 8 36 131 149
3 6 4 1 56 131 16
3 6 4 2 56 131 20
3 6 4 3 56 131 36
3 6 4 5 56 131 86
3 6 4 8 56 131 149
3 6 5 1 72 113 11
3 6 5 2 72 113 26
3 6 5 3 72 113 31
3 6 5 4 72 113 62
3 6 5 8 72 113 149
3 6 8 1 113 149 11
3 6 8 2 113 149 26
3 6 8 3 113 149 31
3 6 8 4 113 149 62
3 6 8 5 113 149 72
3 8 1 2 11 149 26
3 8 1 3 11 149 31
3 8 1 4 11 149 62
3 8 1 5 11 149 72
3 8 1 6 11 149 113
3 8 2 1 26 150 14
3 8 2 3 26 150 31
3 8 2 4 26 150 62
3 8 2 5 26 150 95
3 8 2 6 26 150 104
3 8 3 1 31 147 16
3 8 3 2 31 147 20
3 8 3 4 31 147 61
3 8 3 5 31 147 90
3 8 3 6 31 147 103
3 8 4 1 62 150 4
3 8 4 2 62 150 26
3 8 4 3 62 150 31
3 8 4 5 62 150 90
3 8 4 6 62 150 104
3 8 5 1 72 149 11
3 8 5 2 72 149 26
3 8 5 3 72 149 31
3 8 5 4 72 149 62
3 8 5 6 72 149 113
3 8 6 1 113 149 11
3 8 6 2 113 149 26
3 8 6 3 113 149 31
3 8 6 4 113 149 62
3 8 6 5 113 149 72
