2 1 2 3 9 30 35
2 1 2 4 9 30 60
2 1 2 5 9 30 73
2 1 2 6 9 30 130
2 1 3 2 1 35 30
2 1 3 4 1 35 60
2 1 3 5 1 35 98
2 1 3 6 1 35 133
2 1 4 2 1 60 30
2 1 4 3 1 60 35
2 1 4 5 1 60 98
2 1 4 6 1 60 107
2 1 5 2 10 92 30
2 1 5 3 10 92 35
2 1 5 4 10 92 60
2 1 5 6 10 92 123
2 1 6 2 1 133 30
2 1 6 3 1 133 35
2 1 6 4 1 133 60
2 1 6 5 1 133 98
2 2 1 3 9 30 34
2 2 1 4 9 30 60
2 2 1 5 9 30 92
2 2 1 6 9 30 123
2 2 3 1 30 35 1
2 2 3 4 30 35 60
2 2 3 5 30 35 98
2 2 3 6 30 35 133
2 2 4 1 30 60 1
2 2 4 3 30 60 35
2 2 4 5 30 60 98
2 2 4 6 30 60 107
2 2 5 1 30 73 10
2 2 5 3 30 73 35
2 2 5 4 30 73 60
2 2 5 6 30 73 130
2 2 6 1 30 130 10
2 2 6 3 30 130 35
2 2 6 4 30 130 60
2 2 6 5 30 130 73
2 3 1 2 1 35 30
2 3 1 4 1 35 60
2 3 1 5 1 35 98
2 3 1 6 1 35 133
2 3 2 1 30 35 10
2 3 2 4 30 35 60
2 3 2 5 30 35 73
2 3 2 6 30 35 130
2 3 4 1 35 60 1
2 3 4 2 35 60 30
2 3 4 5 35 60 98
2 3 4 6 35 60 107
2 3 5 1 35 98 1
2 3 5 2 35 98 30
2 3 5 4 35 98 60
2 3 5 6 35 98 107
2 3 6 1 35 133 1
2 3 6 2 35 133 30
2 3 6 4 35 133 60
2 3 6 5 35 133 98
2 4 1 2 1 60 30
2 4 1 3 1 60 35
2 4 1 5 1 60 98
2 4 1 6 1 60 133
2 4 2 1 30 60 10
2 4 2 3 30 60 35
2 4 2 5 30 60 73
2 4 2 6 30 60 130
2 4 3 1 35 60 1
2 4 3 2 35 60 30
2 4 3 5 35 60 98
2 4 3 6 35 60 133
2 4 5 1 60 98 1
2 4 5 2 60 98 30
2 4 5 3 60 98 35
2 4 5 6 60 98 107
2 4 6 1 60 107 1
2 4 6 2 60 107 30
2 4 6 3 60 107 35
2 4 6 5 60 107 98
2 5 1 2 10 92 30
2 5 1 3 10 92 35
2 5 1 4 10 92 60
2 5 1 6 10 92 123
2 5 2 1 30 73 10
2 5 2 3 30 73 35
2 5 2 4 30 73 60
2 5 2 6 30 73 130
2 5 3 1 35 98 1
2 5 3 2 35 98 30
2 5 3 4 35 98 60
2 5 3 6 35 98 133
2 5 4 1 60 98 1
2 5 4 2 60 98 30
2 5 4 3 60 98 35
2 5 4 6 60 98 107
2 5 6 1 98 107 1
2 5 6 2 98 107 30
2 5 6 3 98 107 35
2 5 6 4 98 107 60
2 6 1 2 1 133 30
2 6 1 3 1 133 35
2 6 1 4 1 133 60
2 6 1 5 1 133 98
2 6 2 1 30 130 10
2 6 2 3 30 130 35
2 6 2 4 30 130 60
2 6 2 5 30 130 73
2 6 3 1 35 133 1
2 6 3 2 35 133 30
2 6 3 4 35 133 60
2 6 3 5 35 133 98
2 6 4 1 60 107 1
2 6 4 2 60 107 30
2 6 4 3 60 107 35
2 6 4 5 60 107 98
2 6 5 1 98 107 1
2 6 5 2 98 107 30
2 6 5 3 98 107 35
2 6 5 4 98 107 60
